18105319 88 32 82
18108211 59 29 56
18301266 62 9 57
18301373 96 42 90
18301431 94 69 92
18302716 100 71 97
18306226 89 44 84
18306331 98 32 92
18314211 99 48 94
18316121 95 91 95
18324891 95 49 90
18329116 100 68 97
18330166 96 63 92
18330753 100 58 96
18332283 99 61 95
18337306 99 100 99
18337813 86 53 82
18338083 83 66 81
18340866 91 67 88
18342523 99 92 99
18342973 67 37 64
18342986 79 40 75
18348311 91 40 86
18348703 70 30 66
18354681 94 66 92
18356113 100 47 95
18356671 97 45 92
18364071 74 54 72
18366863 88 61 86
18369643 98 73 96
18370451 86 32 81
18371811 94 32 88
18373856 52 8 47
18374541 95 74 93
18379846 82 56 79
18387541 55 0 50
18390323 96 74 94
18392083 100 70 97
18392656 92 73 90
18394101 99 63 95
18394123 92 34 87
18395521 92 53 88
18402034 99 63 95
18404744 95 64 92
18408814 84 40 80
18413066 75 51 72
18414882 79 45 76
18415084 97 53 93
18416482 97 51 92
18421694 98 51 93
18422144 92 21 85
18423026 81 7 74
18424396 99 68 95
18424692 74 23 69
18426852 97 75 94
18428206 82 44 78
18432036 100 47 95
18440666 96 60 92
18441676 96 21 89
18446652 81 35 77
18447484 29 13 28
18449422 95 47 90
18453862 61 66 61
18455726 97 47 92
18457016 98 84 97
18464886 71 10 65
18465312 83 13 76
18468656 73 59 71
18482934 83 69 81
18485826 99 62 95
18487134 99 52 94
18493006 83 57 80
18719785 99 84 98
18734031 100 56 96
18737225 89 0 80
18743591 93 78 92
18745115 83 9 76
18751385 100 71 97
18773059 75 0 68
18776259 89 56 86
18921756 79 0 72
15440568 89 29 83
17300136 90 63 87
17308901 88 59 85
17354696 97 60 93
17393546 100 67 97
17427532 92 37 86
17433302 0 13 1
17470802 96 62 93
17496766 65 40 63
